586
574
702
945
935
573
587
770
945
931
563
587
830
944
921
573
593
895
939
831
570
621
942
942
730
578
626
943
941
599
582
677
943
936
567
586
747
944
933
560
595
811
943
926
574
583
886
944
844
571
609
937
943
757
580
618
943
941
621
577
663
942
942
577
579
736
943
932
563
585
796
944
930
576
576
870
942
863
569
600
933
942
778
577
619
943
943
657
576
638
942
942
573
577
721
943
936
572
583
781
944
933
563
586
858
940
890
571
599
920
943
796
571
615
941
942
679
579
653
940
941
577
582
707
943
937
572
586