772
603
646
873
934
693
606
676
919
931
608
606
694
938
926
574
617
725
937
922
590
617
739
935
881
590
627
775
936
840
592
632
802
935
784
607
643
860
936
726
604
668
901
931
644
602
686
936
929
580
606
704
938
926
587
610
728
936
901
591
619
755
938
861
587
624
783
936
820
601
638
839
935
758
602
658
883
933
683
601
682
928
929
605
606
699
937
926
586
621
733
935
906
597
627
756
937
865
591
633
771
937
832
601
632
827
935
776
599
655
876
933
689
600
680
928
930
598
604
701
937
926
579
606
727
937
912
590
616
750
938
858
585
625
778
936
818
602
634
830
935
751
598
652
888
933
658
599
684
933
931
588
606
706
937
926
574
609
732
936
916
589
615
758
937
848
584
621
788
936
808
597
630
834
935
735
603
653
901
933
641
605
686
933
930
588
604
705
936
927
571
610
728
937
924
586
609
754
935
865
586
621
784
937
821
593
636
821
935
756
602
647
888
934
671
607
682
928
932
589
602
697
938
928
568
608
723
938
923
582
614
751
934
882
588
620
781
937
829
585
631
809
936
770
602
645
880
935
684
603
671
925
930
598
598
697