Freq Signal
97006
-395
-441
-521
-1116
-132
-256
-343
-325
-431
-412
-406
-362
-548
-530
-552
-558
-608
-617
-715
-830
-961
-1492
-1287
-1812
-3010
-9721
7862
2759
1659
1226
546
630
516
467
374
366
376
332
261
98
355
278
238
186
414
439
674
1434
-2228
-526
-210
-147
-373
-90
-77
-94
-252
-7
-39
-32
29
-73
9
6
9
-73
29
-32
-39
-7
-252
-94
-77
-90
-373
-147
-210
-526
-2228
1434
674
439
414
186
238
278
355
98
261
332
377
366
374
467
516
630
546
1226
1659
2759
7862
-9721
-3010
-1812
-1288
-1492
-961
-830
-715
-617
-608
-558
-552
-530
-548
-362
-406
-412
-431
-325
-343
-256
-133
-1116
-521
-441
-395
Answer: 0