716
866
917
730
641
731
908
910
655
645
749
930
897
637
652
770
932
859
631
661
783
929
834
634
677
812
928
799
636
697
841
925
763
640
719
870
915
724
639
734
912
910
629
642
754
933
895
633
654
767
930
862
643
660
781
931
837
639
665
815
928
805
632
689
844
924
768
630
716
875
917
723
632
732
908
910
677
638
748
929
896
653
644
769
932
857
629
650
787
931
828
632
674
822
928
793
629
693
848
923
756
629
711
881
918
716
630
732
915
909
661
643
753
931
891
645
648
769
934
858
626
658
787
931
826
631
668
824
929
790
630
698
849
921
752
629
711
880
918
710
622
732
916
904
659
639
758
931
887
646
646
770
933
856
627
659
788
931
827
631
672
827
928
788
632
699
851
920
748
629
718
881
914
703
629
734
917
910
657
638
752
931
878
646
653
775
931
851
628
660
788
931
827
628
672
825
927
789
632
699
850
921
747
629
718
886
916
704
631
729
920
907
662
639
755
930
880
650
651
774
930
854
633
662
793
930
827
634
670
827
927
792
636
702
852
923
754
637
722
881
913
707
640
738
914
906
668
647
755
928
878
649
656
772
931
850